Name         Age Nat Prs St Tk Ps Sh Sm Ag KAb TAb PAb SAb Gam Sav Ktk Kps Sht Gls Ass  DP Inj Sus Fit
------------------------------------------------------------------------------------------------------
O_Cordoba     23 arg  LC 13  3  3  3 58 28 450 300 300 300   0   0   0   0   0   0   0   0   0   0 100
Snorlax       28 arg  RC 12  2  2  2 47 28 300 300 300 300   0   0   0   0   0   0   0   0   0   0 100
Blastoise     26 arg   C 12  2  2  2 54 24 500 300 300 300   0   0   0   0   0   0   0   0   0   0 100
C_Campestrini 27 arg   C 12  2  2  2 42 35 300 300 300 300   0   0   0   0   0   0   0   0   0   0 100
Saruman       24 arg   R 12  2  2  2 39 33 300 300 300 300   0   0   0   0   0   0   0   0   0   0 100
K_Onyurst     24 ita   C 11  2  2  2 32 35 300 300 300 300   0   0   0   0   0   0   0   0   0   0 100
J_Carrera     24 arg   C 11  2  2  2 50 21 300 300 300 300   0   0   0   0   0   0   0   0   0   0 100
X_Trewsh      24 cam  LC 11  2  2  2 39 34 300 300 300 300   0   0   0   0   0   0   0   0   0   0 100
Abbondanzieri 24 arg   R 11  3  3  3 74 31 300 368 300 300   0   0   0   0   0   0   0   0   0   0 100
P_Sov         25 den   L 10  2  2  2 48 36 300 300 300 300   0   0   0   0   0   0   0   0   0   0 100
P_Migliore    22 arg   R 10  2  2  2 50 25 300 300 300 300   0   0   0   0   0   0   0   0   0   0 100
Oscar_Passet  25 arg   L 10  2  2  2 55 30 300 300 300 300   0   0   0   0   0   0   0   0   0   0 100
P_Santillo    27 arg  LC 10  2  2  2 30 29 300 300 300 300   0   0   0   0   0   0   0   0   0   0 100
Y_Loekim      23 isr RLC 10  2  2  2 37 30 300 300 300 300   0   0   0   0   0   0   0   0   0   0 100
A_Limia       26 arg   R  9  2  2  2 30 26 300 300 300 300   0   0   0   0   0   0   0   0   0   0 100
A_Aguerre     27 arg   R  9  3  3  3 49 36 300 300 300 300   0   0   0   0   0   0   0   0   0   0 100
Machamp       22 arg   C  9  2  2  2 69 24 300 300 300 300   0   0   0   0   0   0   0   0   0   0 100
D_Otuarstemn  29 bul   C  9  2  2  2 23 31 300 300 300 300   0   0   0   0   0   0   0   0   0   0 100
Nidoking      23 arg   R  2 12  4  5 65 24 300 380 376 300   0   0   0   0   0   0   0   0   0   0 100
L_Vella       18 ita   R  2 12  4  4 54 39 300 300 300 300   0   0   0   0   0   0   0   0   0   0 100
C_Umnostuabs  25 spa   L  2 11  4  4 43 52 300 300 300 300   0   0   0   0   0   0   0   0   0   0 100
T_Vanata      21 eng   L  2 11  4  4 30 31 300 300 300 300   0   0   0   0   0   0   0   0   0   0 100
A_Goshta      27 ger   L  2 11  4  4 33 37 300 300 300 300   0   0   0   0   0   0   0   0   0   0 100
V_Emnatyua    22 isr   C  2 11  4  4 30 39 300 626 502 316   1   0   0   0   0   0   0   0   0   0 100
R_Schiavi     28 arg   L  3 11  4  5 50 38 300 623 367 406   2   0   1   0   0   0   0   4   0   0 100
D_Ruiz        22 arg   L  2 11  5  5 35 33 300 300 300 300   0   0   0   0   0   0   0   0   0   0 100
Q_Asya        18 fra   R  2 11  3  3 28 46 300 300 300 300   0   0   0   0   0   0   0   0   0   0 100
H_Drurstepew  21 cam   R  2 11  3  4 39 47 300 300 300 300   0   0   0   0   0   0   0   0   0   0 100
D_Obsoersta   20 spa   R  2 11  3  4 37 51 300 300 300 300   0   0   0   0   0   0   0   0   0   0 100
Rypherior     26 arg  RC  2 10  6  5 30 30 300 300 300 300   0   0   0   0   0   0   0   0   0   0 100
H_Diaz        24 arg   L  3 10  9  6 35 35 300 640 414 365   1   0   0   0   0   0   0   0   0   0 100
M_Aguirre     19 arg   C  3 10  9  4 39 33 300 649 507 428   0   0   0   0   0   0   0   0   0   0 100
I_Pillud      26 arg  RC  2 10  4  5 27 26 300 300 300 300   0   0   0   0   0   0   0   0   0   0 100
E_Tuzzio      25 arg   C  3 10  4  8 56 34 300 572 338 600   0   0   0   0   0   0   0   0   0   0 100
S_Mendez      25 arg   R  2 10  4  5 36 32 300 572 338 600   2   0   1   1   0   0   0   0   0   0 100
F_Cubero      21 arg   R  3 10  6  6 42 36 300 529 507 493   1   0   1   0   0   0   0   0   0   0 100
Z_Otenhu      26 bra  LC  2 10  3  4 39 37 300 300 300 300   0   0   0   0   0   0   0   0   0   0 100
D_Khumalo     24 saf  LC  3 12 11  6 31 33 300 300 300 300   0   0   0   0   0   0   0   0   0   0 100
Gimli         25 arg RLC  2  9  5  5 39 35 300 300 300 300   0   0   0   0   0   0   0   0   0   0 100
Dwalin        19 arg   R  2  8  8  6 66 39 300 300 300 300   0   0   0   0   0   0   0   0   0   0 100
P_Goberville  25 arg   R  2  9 10  5 70 37 300 436 300 300   0   0   0   0   0   0   0   0   0   0 100
Dragonite     22 arg   R  2 10  9  5 50 30 300 300 300 300   0   0   0   0   0   0   0   0   0   0 100
B_Zuculini    19 arg RLC  2  9  8  5 42 24 300 300 300 300   0   0   0   0   0   0   0   0   0   0 100
Gimli         25 arg RLC  2  9  5  5 39 35 300 300 300 300   0   0   0   0   0   0   0   0   0   0 100
S_Battaglia   25 arg   C  3  9  6  7 59 29 300 300 300 300   0   0   0   0   0   0   0   0   0   0 100
Diego_Perez   25 arg   L  2  9  5  5 49 25 300 300 300 300   0   0   0   0   0   0   0   0   0   0 100
J_Zanetti     24 arg   R  2  9  4  4 26 20 300 300 300 300   0   0   0   0   0   0   0   0   0   0 100
M_Almeyda     23 arg   R  3  9  5  6 48 30 300 300 300 300   0   0   0   0   0   0   0   0   0   0 100
M_Bustos      27 arg  RL  2  8  8  4 65 27 300 300 300 300   0   0   0   0   0   0   0   0   0   0 100
R_Battion     28 arg   R  2  8  9  3 54 20 300 300 300 300   0   0   0   0   0   0   0   0   0   0 100
M_Serna       28 arg   R  3  7  9  6 50 22 300 300 300 300   0   0   0   0   0   0   0   0   0   0 100
E_Afudnodn    27 nig  LC  2  7  7  4 46 50 300 300 300 300   0   0   0   0   0   0   0   0   0   0 100
G_Obtubt      18 nig   R  2  7  7  5 53 31 300 300 300 300   0   0   0   0   0   0   0   0   0   0 100
T_Idso        25 ger   R  2  6  6  5 43 35 300 300 300 300   0   0   0   0   0   0   0   0   0   0 100
R_Chebsoe     23 cro  RL  2  6  7  4 28 38 300 300 300 300   0   0   0   0   0   0   0   0   0   0 100
H_Canteros    21 arg   R  3  9 11  6 73 37 300 368 528 330   0   0   0   0   0   0   0   0   0   0 100
O_Tivru       29 ita   R  2  3 12  4 37 43 300 300 300 300   0   0   0   0   0   0   0   0   0   0 100
A_Posternak   19 arg   R  2  5 12  5 54 29 300 300 300 300   0   0   0   0   0   0   0   0   0   0 100
Pepe_Chatruc  25 arg   C  2  4 12  5 37 27 300 429 559 423   0   0   0   0   0   0   0   0   0   0 100
Rapidash      25 arg   R  2  6 12  4 54 29 300 395 433 395   0   0   0   0   0   0   0   0   0   0 100
L_Trujiry     28 bra  RC  2  4 11  4 42 37 300 300 300 300   0   0   0   0   0   0   0   0   0   0 100
B_Alonso      19 arg   R  3  5 11  6 30 30 300 300 300 300   0   0   0   0   0   0   0   0   0   0 100
Nicolas_Sainz 24 arg   R  2  6 11  5 27 30 300 300 300 300   0   0   0   0   0   0   0   0   0   0 100
S_Umna        26 bul   C  2  4 11  3 21 38 300 300 300 300   0   0   0   0   0   0   0   0   0   0 100
E_Lamela      24 arg  RL  3  5 11  4 33 27 300 300 972 595   0   0   0   0   0   0   0   0   0   0 100
N_Aguirre     18 arg   R  2  5 11  5 33 35 300 368 794 432   0   0   0   0   0   0   0   0   0   0 100
D_Bilos       20 arg   C  3  7 11  6 47 26 300 300 450 330   1   0   0   0   0   0   0   0   0   0 100
D_Buonanotte  25 arg   R  3  6 11  6 38 24 300 300 300 300   0   0   0   0   0   0   0   0   0   0 100
P_Aimar       18 arg   C  3  7 11  6 27 27 300 524 920 483   0   0   0   0   0   0   0   0   0   0 100
X_Nac         22 aus   C  2  4 11  4 37 28 300 300 300 300   0   0   0   0   0   0   0   0   0   0 100
C_Cirs        29 ger  LC  2  4 10  4 54 37 300 300 300 300   0   0   0   0   0   0   0   0   0   0 100
Leafeon       27 arg   C  2  4 10  6 35 21 300 300 300 300   0   0   0   0   0   0   0   0   0   0 100
G_M_Miranda   19 arg RLC  2  6 10  5 42 33 300 300 300 300   0   0   0   0   0   0   0   0   0   0 100
Oscar_Arevalo 28 arg   L  2  4 10  4 66 37 300 300 300 300   0   0   0   0   0   0   0   0   0   0 100
J_Patiño      23 arg RLC  2  4 10  5 45 20 300 361 661 558   2   0   0   0   0   0   0   0   0   0 100
B_Ivrowbeds   17 bul   C  2  5 10  4 21 50 300 300 300 300   0   0   0   0   0   0   0   0   0   0 100
Melkor        29 arg   C  2  5 10  9 67 36 300 300 300 300   0   0   0   0   0   0   0   0   0   0 100
F_Rutilo      23 arg   L  2  6 10  7 48 23 300 300 300 300   0   0   0   0   0   0   0   0   0   0 100
F_Vargas      22 arg   R  3  4 10  6 61 27 300 300 528 300   0   0   0   0   0   0   0   0   0   0 100
Gothmog       26 arg   L  2  5 11  9 27 32 300 300 300 300   0   0   0   0   0   0   0   0   0   0 100
A_Gonzales    25 arg   L  2  5 11  9 27 26 300 361 965 383   1   0   0   0   0   0   0   0   0   0 100
A_Gomez       28 arg   R  2  5  9  6 49 27 300 300 300 300   0   0   0   0   0   0   0   0   0   0 100
Eru           29 arg RLC  2  5  9  5 53 26 300 300 300 300   0   0   0   0   0   0   0   0   0   0 100
S_Romero      29 arg   C  2  5  9  5 67 24 300 300 300 300   0   0   0   0   0   0   0   0   0   0 100
P_Camps       18 arg  LC  3  7  9  4 44 35 300 300 356 300   0   0   0   0   0   0   0   0   0   0 100
E_Francescoli 29 arg   R  3  5  9  9 71 36 300 300 300 300   0   0   0   0   0   0   0   0   0   0 100
M_Gallardo    21 arg   L  3  5  9  9 56 32 300 429 483 798   3   0   0   0   4   0   0   0   0   0 100
J_R_Riquelme  25 arg   C  3  4  9  8 52 37 300 300 300 300   0   0   0   0   0   0   0   0   0   0 100
Pidgeot       26 arg   L  2  5  8  9 73 36 300 300 300 300   0   0   0   0   0   0   0   0   0   0 100
Nahuel_Rattel 26 arg   C  2  4  8  8 34 27 300 300 300 300   0   0   0   0   0   0   0   0   0   0 100
N_Cabrera     17 arg   R  3  5  9  7 72 38 300 300 516 360   0   0   0   0   0   0   0   0   0   0 100
A_Rosada      22 arg   C  2  3  7  8 36 28 300 395 509 550   1   0   0   0   0   0   0   0   0   0 100
Ivan_Perez    22 arg   R  3  6  7  7 74 29 300 300 300 300   0   0   0   0   0   0   0   0   0   0 100
Lugia         20 arg   R  2  6  8  8 40 31 300 300 300 300   0   0   0   0   0   0   0   0   0   0 100
G_Garcia      18 arg   L  2  4  9  5 50 30 300 300 300 300   0   0   0   0   0   0   0   0   0   0 100
Lobo_Ledesma  24 arg   C  2  8  7  5 26 30 300 300 300 300   0   0   0   0   0   0   0   0   0   0 100
X_Soproks     25 eng   C  2  4  7  6 52 31 300 300 300 300   0   0   0   0   0   0   0   0   0   0 100
Y_Ostinyu     17 den   C  2  4  7  8 42 29 300 300 300 300   0   0   0   0   0   0   0   0   0   0 100
T_Zaedrerti   21 nig  LC  2  3  6  6 25 40 300 300 300 300   0   0   0   0   0   0   0   0   0   0 100
L_Gracian     27 arg  LC  3  6  7  9 47 35 300 300 300 300   0   0   0   0   0   0   0   0   0   0 100
A_Abteck      20 spa   C  2  4  6  7 58 43 300 300 300 300   0   0   0   0   0   0   0   0   0   0 100
Caño_Ibagaza  26 arg   L  2  4  9 10 42 36 300 368 338 425   0   0   0   0   0   0   0   0   0   0 100
L_Hisk        23 arg   L  2  5  3 11 40 46 300 300 300 300   0   0   0   0   0   0   0   0   0   0 100
N_Colazo      22 arg   R  3  6  7 11 74 21 300 293 331 428   0   0   0   0   0   0   0   0   0   0 100
T_Clewndede   23 saf  RC  2  5  3 11 22 39 300 300 300 300   0   0   0   0   0   0   0   0   0   0 100
I_Trivr       19 nor  RL  2  4  4 11 25 40 300 300 300 300   0   0   0   0   0   0   0   0   0   0 100
J_Saviola     20 arg RLC  3  6  5 11 42 30 300 300 384 360   1   0   0   2   3   0   0   0   0   0 100
L_Milubtoi    27 den   C  2  3  4 11 23 35 300 300 300 300   0   0   0   0   0   0   0   0   0   0 100
I_Inyubs      28 cam   C  2  3  3 10 41 34 300 300 300 300   0   0   0   0   0   0   0   0   0   0 100
Bombur        29 arg   L  2  5  5 10 72 28 300 300 300 300   0   0   0   0   0   0   0   0   0   0 100
C_Bianchi     23 arg  RC  3  4  6 10 50 36 300 300 300 855   0   0   0   0   0   0   0   0   0   0 100
W_S_Abreu     25 arg  RC  2  4  5 10 50 30 300 300 300 300   0   0   0   0   0   0   0   0   0   0 100
L_Sagesse     23 arg   C  2  5  5  9 57 28 300 300 300 300   0   0   0   0   0   0   0   0   0   0 100
A_Palopoli    28 arg   C  2  5  6  9 34 24 300 300 300 300   0   0   0   0   0   0   0   0   0   0 100
S_Silva       23 arg   L  2  3  5  9 55 28 300 300 300 300   0   0   0   0   0   0   0   0   0   0 100