Name         Age Nat Prs St Tk Ps Sh Sm Ag KAb TAb PAb SAb Gam Sav Ktk Kps Sht Gls Ass  DP Inj Sus Fit
------------------------------------------------------------------------------------------------------
J_Burrai      21 arg   C 19  3  3  3 38 31 467 300 300 300   0   0   0   0   0   0   0   0   0   0 100
A_Limia       21 arg   C 17  3  3  3 49 30 493 300 300 300   0   0   0   0   0   0   0   0   0   0 100
Sepp_Maier    28 ger   R 16  3  3  3 71 33 300 300 300 300   0   0   0   0   0   0   0   0   0   0 100
Javi_Garcia   21 arg   L 16  3  3  3 57 37 441 300 300 300   0   0   0   0   0   0   0   0   0   0 100
Agustin_Silva 26 arg  RC 16  2  2  2 32 37 391 300 300 300   0   0   0   0   0   0   0   0   0   0 100
M_Perafán     24 arg   L 15  2  2  2 58 34 300 300 300 300   0   0   0   0   0   0   0   0   0   0 100
G_Marinelli   21 arg  LC 15  3  3  3 46 29 633 300 300 300   0   0   0   0   0   0   0   0   0   0 100
E_Dreer       30 arg  RC 14  2  2  2 50 25 734 300 300 300   0   0   0   0   0   0   0   0   0   0 100
S_Peratta     18 arg   R 14  2  2  2 32 35 819 300 300 300   0   0   0   0   0   0   0   0   0   0 100
E_Banega      24 arg   L 14  3  3  3 33 26 300 300 300 300   0   0   0   0   0   0   0   0   0   0 100
J_Bebtimn     28 arg   C 14  2  2  2 37 27 300 300 300 300   0   0   0   0   0   0   0   0   0   0 100
Oscar_Ustari  22 arg RLC 14  3  3  3 51 30 384 300 300 300   0   0   0   0   0   0   0   0   0   0 100
Tentacruel    23 arg  RC 14  3  3  3 42 24 991 390 300 300   0   0   0   0   0   0   0   0   0   0 100
J_L_Chilavert 25 arg   C 14  3  3  3 55 30 429 300 300 300   0   0   0   0   0   0   0   0   0   0 100
R_J_Fernandez 25 arg  RL 14  2  2  2 49 32 451 300 300 300   0   0   0   0   0   0   0   0   0   0 100
S_Sosa        19 arg  LC 14  4  4  4 60 30 300 300 300 300   0   0   0   0   0   0   0   0   0   0 100
Zato          22 arg  LC 14  3  3  3 37 30 300 300 300 300   0   0   0   0   0   0   0   0   0   0 100
A_Saccone     23 arg   R 13  3  3  3 51 24 300 300 300 300   0   0   0   0   0   0   0   0   0   0 100
M_Garcia      27 arg   L 13  2  2  2 61 35 300 300 300 300   0   0   0   0   0   0   0   0   0   0 100
Z_Breyesy     27 arg   L 13  2  2  2 51 38 300 300 300 300   0   0   0   0   0   0   0   0   0   0 100
F_Lugo        26 arg   L 13  2  2  2 71 32 392 300 300 300   0   0   0   0   0   0   0   0   0   0 100
F_Monetti     29 arg   L 13  2  2  2 61 28 300 300 300 300   0   0   0   0   0   0   0   0   0   0 100
Seba_Lopez    23 arg   L 13  3  3  3 30 21 311 300 300 300   0   0   0   0   0   0   0   0   0   0 100
N_Guzman      24 arg  LC 13  2  2  2 63 27 308 300 300 300   0   0   0   0   0   0   0   0   0   0 100
Ale_Limia     24 arg   R 13  2  2  2 72 39 300 300 300 300   0   0   0   0   0   0   0   0   0   0 100
G_Lux         27 arg  LC 13  3  3  3 58 23 448 300 300 300   0   0   0   0   0   0   0   0   0   0 100
Nico_Caprio   24 arg  RC 13  2  2  2 29 22 300 300 300 300   0   0   0   0   0   0   0   0   0   0 100
Mario_Cuenca  27 arg   L 13  2  2  2 33 26 300 300 300 300   0   0   0   0   0   0   0   0   0   0 100
J_De_Olivera  28 arg  RL 13  2  2  2 48 26 300 300 300 300   0   0   0   0   0   0   0   0   0   0 100
O_Cordoba     26 arg  LC 13  3  3  3 58 28 450 300 300 300   0   0   0   0   0   0   0   0   0   0 100
F_Constanzo   28 arg RLC 13  3  3  3 45 38 352 300 300 300   0   0   0   0   0   0   0   0   0   0 100
E_Bologna     25 arg   R 13  2  2  2 60 30 300 300 300 300   0   0   0   0   0   0   0   0   0   0 100
M_Caranta     22 arg   C 13  3  3  3 43 25 300 300 300 300   0   0   0   0   0   0   0   0   0   0 100
Gandalf       23 arg   R 12  2  2  2 72 24 300 300 300 300   0   0   0   0   0   0   0   0   0   0 100
G_Rulli       30 arg   L 12  2  2  2 52 30 300 300 300 300   0   0   0   0   0   0   0   0   0   0 100
Blastoise     29 arg   C 12  2  2  2 54 24 500 300 300 300   0   0   0   0   0   0   0   0   0   0 100
Khazad_dûm    22 arg   C 12  2  2  2 32 33 300 300 300 300   0   0   0   0   0   0   0   0   0   0 100
F_Assman      29 arg   C 12  3  3  3 63 21 322 300 300 300   0   0   0   0   0   0   0   0   0   0 100
M_Dobler      26 arg  RC 12  2  2  2 30 32 300 300 300 300   0   0   0   0   0   0   0   0   0   0 100
N_Cambiasso   22 arg   R 12  2  2  2 50 36 300 300 300 300   0   0   0   0   0   0   0   0   0   0 100
C_Campestrini 30 arg   C 12  2  2  2 42 35 300 300 300 300   0   0   0   0   0   0   0   0   0   0 100
Saruman       27 arg   R 12  2  2  2 39 33 300 300 300 300   0   0   0   0   0   0   0   0   0   0 100
K_Onyurst     27 ita   C 11  2  2  2 32 35 300 300 300 300   0   0   0   0   0   0   0   0   0   0 100
Isaac_Baez    23 arg   C 11  2  2  2 66 26 300 300 300 300   0   0   0   0   0   0   0   0   0   0 100
M_Waisman     26 arg   R 11  2  2  2 26 35 300 300 300 300   0   0   0   0   0   0   0   0   0   0 100
J_Carrera     27 arg   C 11  2  2  2 50 21 300 300 300 300   0   0   0   0   0   0   0   0   0   0 100
D_Maes        24 arg   R 11  2  2  2 67 30 300 300 300 300   0   0   0   0   0   0   0   0   0   0 100
Lucas_Hoyos   21 arg   L 11  2  2  2 32 25 300 300 300 300   0   0   0   0   0   0   0   0   0   0 100
X_Trewsh      27 cam  LC 11  2  2  2 39 34 300 300 300 300   0   0   0   0   0   0   0   0   0   0 100
Abbondanzieri 27 arg   R 11  3  3  3 74 31 300 368 300 300   0   0   0   0   0   0   0   0   0   0 100
P_Sov         28 den   L 10  2  2  2 48 36 300 300 300 300   0   0   0   0   0   0   0   0   0   0 100
F_Lupardo     18 arg   R 10  2  2  2 30 25 300 300 300 300   0   0   0   0   0   0   0   0   0   0 100
P_Migliore    25 arg   R 10  2  2  2 50 25 300 300 300 300   0   0   0   0   0   0   0   0   0   0 100
A_Gutierrez   24 arg   L 10  2  2  2 31 26 300 300 300 300   0   0   0   0   0   0   0   0   0   0 100
Oscar_Passet  28 arg   L 10  2  2  2 55 30 300 300 300 300   0   0   0   0   0   0   0   0   0   0 100
P_Santillo    30 arg  LC 10  2  2  2 30 29 300 300 300 300   0   0   0   0   0   0   0   0   0   0 100
Y_Loekim      26 isr RLC 10  2  2  2 37 30 300 300 300 300   0   0   0   0   0   0   0   0   0   0 100
A_Limia       29 arg   R  9  2  2  2 30 26 300 300 300 300   0   0   0   0   0   0   0   0   0   0 100
A_Aguerre     30 arg   R  9  3  3  3 49 36 300 300 300 300   0   0   0   0   0   0   0   0   0   0 100
Machamp       25 arg   C  9  2  2  2 69 24 300 300 300 300   0   0   0   0   0   0   0   0   0   0 100
I_Celaya      30 arg   C  5 18  2  5 33 63 300 425 488 485   0   0   0   0   0   0   0   0   0   0 100
J_Barraza     25 arg   C  2 16  5  3 33 22 300 518 873 914   1   0   1   0   0   0   0   0   0   0 100
J_P_Avendaño  22 arg  RC  2 16  5  4 45 21 300 545 342 300   3   0   2   2   0   0   0   0   0   0 100
Bruno_Bianchi 26 arg  RC  2 16  6  5 29 37 300 395 300 320   1   0   1   0   2   0   0   0   0   0 100
S_Vergini     27 arg   L  2 16  5  5 73 28 300 533 540 448   5   0   3   3   0   0   0   3   0   0 100
Abidal        22 arg   L  2 15  5  3 41 32 300 840 338 270   1   0   0   0   0   0   0   0   0   0 100
M_Posniak     21 arg   R  2 15  4  5 56 28 300 942 422 309   1   0   5   0   0   0   0   0   0   0 100
L_Galeano     25 arg RLC  3 15  8  7 55 30 300 350 925 605   0   0   0   0   0   0   0   0   0   0 100
R_Mazacotte   20 arg   L  2 15  4  4 38 37 300 355 387 307   2   0   3   2   1   0   0   0   0   0 100
Hugo_Nervo    27 arg   R  2 15  6  6 27 38 300 576 411 365   0   0   0   0   0   0   0   0   0   0 100
Damian_Perez  21 arg   C  2 15  6  5 75 21 300 697 478 744   0   0   0   0   0   0   0   0   0   0 100
Maxi_Lugo     19 arg   R  2 15  5  5 29 22 300 300 300 300   0   0   0   0   0   0   0   0   0   0 100
M_Isla        18 arg   R  2 15  4  5 35 28 300 654 345 331  10   0   4   1   1   0   0   1   0   0 100
A_Garce       21 arg   R  3 15  7  6 72 37 300 600 723 511   0   0   0   0   0   0   0   0   0   0 100
E_Broedn      20 arg   R  3 15  5  7 44 26 300 307 500 405   0   0   0   0   0   0   0   0   0   0 100
J_Bermudez    25 arg  RL  3 15  6  4 29 29 300 323 795 717   0   0   0   0   0   0   0   0   0   0 100
Ditto         22 arg   R  3 14  6  8 38 30 300 524 360 300   0   0   0   0   0   0   0   0   0   0 100
I_Sekagya     22 arg   R  2 14  4  5 37 30 300 320 538 372   0   0   0   0   0   0   0   0   0   0 100
K_Ablow       26 arg   C  2 14  6  6 47 31 300 300 300 300   0   0   0   0   0   0   0   0   0   0 100
M_Pellegrino  20 arg  RC  3 14  5  7 40 31 300 665 535 832   0   0   0   0   0   0   0   0   0   0 100
Y_Ikrubtibt   24 arg   L  2 14  6  5 39 30 300 300 300 300   0   0   0   0   0   0   0   0   0   0 100
R_Delgado     25 arg   R  2 14  5  4 39 36 300 368 368 381   0   0   0   0   0   0   0   0   0   0 100
J_Valle       29 arg RLC  2 14  6  5 23 33 300 300 300 300   0   0   0   0   0   0   0   0   0   0 100
F_Oreja       23 arg   R  2 14  6  5 47 27 300 300 300 300   0   0   0   0   0   0   0   0   0   0 100
D_Barisone    30 arg   R  2 14  5  5 45 25 300 300 300 300   0   0   0   0   0   0   0   0   0   0 100
L_Desábato    22 arg   C  2 14  6  5 47 32 300 586 370 343   1   0   0   0   0   0   0   0   0   0 100
Matias_Lequi  19 arg   R  2 14  4  4 56 25 300 752 425 394   0   0   0   0   0   0   0   0   0   0 100
J_Velazquez   25 arg   L  3 14  7  5 63 37 300 533 627 842   0   0   0   0   0   0   0   0   0   0 100
J_M_Diaz      22 arg  RL  3 14  7  9 75 34 300 523 418 415   0   0   0   0   0   0   0   0   0   0 100
M_Velazquez   28 arg   C  3 13  8  6 29 23 300 755 490 783   0   0   0   0   0   0   0   0   0   0 100
Morel         26 ita   L  2 13  5  5 23 49 300 844 300 370   0   0   0   0   0   0   0   0   0   0 100
N_Trepe       22 arg   L  2 13  6  5 67 30 300 390 330 300   0   0   0   0   0   0   0   0   0   0 100
Omar_Zarif    28 arg   R  2 13  6  4 42 23 300 300 300 300   0   0   0   0   0   0   0   0   0   0 100
M_Caire       30 arg  RC  3 13  6  6 49 37 300 478 300 312   0   0   0   0   0   0   0   0   0   0 100
X_Udashoobt   26 arg RLC  2 13  3  5 52 52 300 492 752 388   0   0   0   0   0   0   0   0   0   0 100
Agus_Alayes   30 arg   C  2 13  5  6 36 21 300 386 300 300   0   0   0   0   0   0   0   0   0   0 100
E_Yostik      20 hol   L  2 13  5  3 60 28 300 639 803 405   0   0   0   0   0   0   0   0   0   0 100
Kíli          26 arg   R  2 13  9  6 63 25 300 996 530 282   0   0   0   0   0   0   0   0   0   0 100
G_Milito      22 arg   L  3 13  6  6 67 33 300 807 843 433   0   0   0   0   0   0   0   0   0   0 100
M_Cahais      25 arg   L  2 13  4  4 32 30 300 949 683 436   0   0   0   0   0   0   0   0   0   0 100
E_Papa        28 arg   L  3 13  6  6 38 26 300 614 500 406   0   0   0   0   0   0   0   0   0   0 100
L_Monzon      22 arg   C  3 13  8  4 53 21 300 542 588 897   0   0   0   0   0   0   0   0   0   0 100
Raul_Iberbia  20 arg  RL  2 13  5  5 32 35 308 498 350 282   2   1   1   1   0   0   0   0   0   0 100
M_Manrique    29 fra   L  2 13  4  4 45 50 300 854 930 728   0   0   0   0   0   0   0   0   0   0 100
M_Caruzzo     23 arg   C  2 13  4  3 34 34 300 295 295 295   0   0   0   0   0   0   0   0   0   0 100
C_Piarrou     24 arg  RC  2 13  5  5 38 30 300 300 300 300   0   0   0   0   0   0   0   0   0   0 100
V_Lopez       30 arg   L  2 13  3  4 36 20 300 981 321 358   0   0   0   0   0   0   0   0   0   0 100
Aldo_paredes  27 arg   L  2 12  5  5 30 25 300 300 300 300   0   0   0   0   0   0   0   0   0   0 100
H_Carbonari   21 arg   C  2 12  5  6 72 22 300 698 734 702   0   0   0   0   0   0   0   0   0   0 100
E_Faccioli    23 arg   L  2 12  5  5 27 30 300 876 250 250   0   0   0   0   0   0   0   0   0   0 100
M_Antoniazzi  20 arg   C  2 12  4  5 69 31 300 300 300 300   0   0   0   0   0   0   0   0   0   0 100
Sapo_Villar   27 arg   R  2 12  5  4 53 31 300 300 300 300   0   0   0   0   0   0   0   0   0   0 100
J_Schunke     25 arg   C  2 12  4  5 65 26 300 300 300 300   0   0   0   0   0   0   0   0   0   0 100
F_Manccinelli 27 arg   R  2 12  5  5 42 24 300 928 384 310   0   0   0   0   0   0   0   0   0   0 100
L_Zaifrani    26 arg RLC  2 12  4  5 28 24 300 957 485 389   0   0   0   0   0   0   0   0   0   0 100
P_Montero     27 arg   R  2 12  7  5 55 27 300 637 399 358   0   0   0   0   0   0   0   0   0   0 100
D_Espinola    28 arg RLC  2 12  4  4 68 23 300 897 657 393   0   0   0   0   0   0   0   0   0   0 100
C_Barriga     32 arg   C  1 12  3  2 22 30 300 788 719 430   0   0   0   0   0   0   0   0   0   0 100
L_Licht       28 arg  RL  2 12  5  6 43 33 300 630 300 312   0   0   0   0   0   0   0   0   0   0 100
C_Matheu      25 arg   R  3 12  8  5 58 27 300 774 686 529   0   0   0   0   0   0   0   0   0   0 100
J_Maidana     25 usa   C  2 12  4  5 45 32 300 460 300 300   0   0   0   0   0   0   0   0   0   0 100
M_Mastronardi 23 arg   L  2 12  5  4 33 38 300 270 318 270   0   0   0   0   0   0   0   0   0   0 100
Nidoking      26 arg   R  2 12  4  5 65 24 300 380 376 300   0   0   0   0   0   0   0   0   0   0 100
German_Ré     21 arg   C  2 12  4  4 40 37 300 280 322 287   0   0   0   0   0   0   0   0   0   0 100
M_Angeleri    28 arg   C  2 12  4  6 58 30 300 300 300 300   0   0   0   0   0   0   0   0   0   0 100
L_Vella       21 ita   R  2 12  4  4 54 39 300 300 300 300   0   0   0   0   0   0   0   0   0   0 100
Gollum        21 arg   R  2 11  5  5 42 28 300 300 300 300   0   0   0   0   0   0   0   0   0   0 100
C_Umnostuabs  28 spa   L  2 11  4  4 43 52 300 300 300 300   0   0   0   0   0   0   0   0   0   0 100
Ever_Ludueña  32 arg   R  1 11  4  3 58 31 300 676 390 330   0   0   0   0   0   0   0   0   0   0 100
T_Vanata      24 eng   L  2 11  4  4 30 31 300 300 300 300   0   0   0   0   0   0   0   0   0   0 100
X_Fenditr     30 usa   C  2 11  4  4 58 30 300 772 602 365   0   0   0   0   0   0   0   0   0   0 100
Villavicencio 24 arg   L  2 11  6  4 55 23 300 300 300 300   0   0   0   0   0   0   0   0   0   0 100
H_Pellerano   22 arg   C  3 11  6  5 72 29 300 965 399 453   0   0   0   0   0   0   0   0   0   0 100
P_Krorye      24 arg   C  2 11  5  5 67 30 300 300 300 300   0   0   0   0   0   0   0   0   0   0 100
H_Zockanu     19 arg   C  2 11  5  6 63 29 300 300 300 300   0   0   0   0   0   0   0   0   0   0 100
M_Sejheb      30 arg   C  2 11  8  6 28 37 300 300 300 300   0   0   0   0   0   0   0   0   0   0 100
Nori          30 arg  RL  2 11  5  5 70 39 300 919 505 427   0   0   0   0   0   0   0   0   0   0 100
A_Goshta      30 ger   L  2 11  4  4 33 37 300 300 300 300   0   0   0   0   0   0   0   0   0   0 100
L_Talamonti   28 arg   R  2 11  5  4 32 37 300 300 300 300   0   0   0   0   0   0   0   0   0   0 100
F_Peppino     24 arg  LC  2 11  4  5 61 30 300 420 364 317   0   0   0   0   0   0   0   0   0   0 100
V_Emnatyua    25 isr   C  2 11  4  4 30 39 300 626 502 316   0   0   0   0   0   0   0   0   0   0 100
J_M_Martinez  22 arg   C  3 11  5  6 47 26 300 812 522 651   0   0   0   0   0   0   0   0   0   0 100
D_Forlan      21 arg RLC  3 11  4  4 79 28 300 457 397 397   0   0   0   0   0   0   0   0   0   0 100
M_Rodríguez   26 arg  LC  3 11  4  4 44 23 300 380 560 315   0   0   0   0   0   0   0   0   0   0 100
O_Vilchez     23 arg   R  2 11  4  4 74 32 300 300 300 300   0   0   0   0   0   0   0   0   0   0 100
J_Mosquera    23 arg   C  2 11  5  5 40 37 300 833 439 316   0   0   0   0   0   0   0   0   0   0 100
N_Sanguinetti 20 arg   R  2 11  6  6 73 27 300 300 300 300   0   0   0   0   0   0   0   0   0   0 100
D_Ruiz        25 arg   L  2 11  5  5 35 33 300 300 300 300   0   0   0   0   0   0   0   0   0   0 100
Q_Asya        21 fra   R  2 11  3  3 28 46 300 300 300 300   0   0   0   0   0   0   0   0   0   0 100
H_Drurstepew  24 cam   R  2 11  3  4 39 47 300 300 300 300   0   0   0   0   0   0   0   0   0   0 100
D_Obsoersta   23 spa   R  2 11  3  4 37 51 300 300 300 300   0   0   0   0   0   0   0   0   0   0 100
C_Quirosta    30 cro   C  2 10  3  4 43 39 300 918 372 315   0   0   0   0   0   0   0   0   0   0 100
Rypherior     29 arg  RC  2 10  6  5 30 30 300 300 300 300   0   0   0   0   0   0   0   0   0   0 100
S_Zurbriggen  21 arg   L  2 10  9  4 42 29 300 300 300 300   0   0   0   0   0   0   0   0   0   0 100
H_Diaz        27 arg   L  3 10  9  6 35 35 300 640 414 365   0   0   0   0   0   0   0   0   0   0 100
P_Aveldaño    21 arg   C  2 10  4  5 70 37 300 540 360 319   0   0   0   0   0   0   0   0   0   0 100
M_Aguirre     22 arg   C  3 10  9  4 39 33 300 649 507 428   0   0   0   0   0   0   0   0   0   0 100
O_Vizcarrondo 30 arg   C  2 10  6  6 37 26 300 595 315 295   0   0   0   0   0   0   0   0   0   0 100
M_Sarmiento   30 arg   L  2 10  7  5 30 25 300 300 300 300   0   0   0   0   0   0   0   0   0   0 100
I_Pillud      29 arg  RC  2 10  4  5 27 26 300 300 300 300   0   0   0   0   0   0   0   0   0   0 100
E_Tuzzio      28 arg   C  3 10  4  8 56 34 300 572 338 600   0   0   0   0   0   0   0   0   0   0 100
Bilbo_Bolsón  23 arg  RL  2 10  5  5 43 22 300 300 300 300   0   0   0   0   0   0   0   0   0   0 100
S_Mendez      28 arg   R  2 10  4  5 36 32 300 572 338 600   0   0   0   0   0   0   0   0   0   0 100
F_Cubero      24 arg   R  3 10  6  6 42 36 300 529 507 493   0   0   0   0   0   0   0   0   0   0 100
Z_Otenhu      29 bra  LC  2 10  3  4 39 37 300 300 300 300   0   0   0   0   0   0   0   0   0   0 100
F_Sardella    22 arg  RC  3 11  9  7 49 32 300 500 615 300   0   0   0   0   0   0   0   0   0   0 100
D_Gerlo       22 arg   C  3 14 11  4 40 21 344 960 689 628   0   0   0   0   0   0   0   0   0   0 100
D_Khumalo     27 saf  LC  3 13 11  6 31 33 300 513 594 268   0   0   0   0   0   0   0   0   0   0 100
Aaron_Lennon  28 eng   R  3 12 14  8 42 38 300 768 348 483   1   0   0   1   0   0   0   0   0   0 100
D_M_Vilariño  23 arg   R  3 12 11  6 34 34 300 686 353 575   0   0   0   0   0   0   0   0   0   0 100
Duracell      22 arg   R  2 11 11  4 58 26 300 441 741 284   1   0   0   3   0   0   0   0   0   0 100
F_Fazio       20 arg   R  3 12 10  6 46 28 300 828 404 360   0   0   0   0   0   0   0   0   0   0 100
A_Bastía      20 arg   C  3 12 11  5 49 30 300 724 813 719   0   0   0   0   0   0   0   0   0   0 100
M_Ferreyra    19 arg   L  3 13 13  9 73 22 300 295 319 299   0   0   0   0   0   0   0   0   0   0 100
R_Carlos      22 arg   R  3 13 10  6 76 37 300 577 831 551   0   0   0   0   0   0   0   0   0   0 100
Marcelo_Gomez 20 arg   C  3 10 12  5 61 30 300 300 300 300   0   0   0   0   0   0   0   0   0   0 100
Ivan_Marcone  22 arg  RC  2 12 10  5 50 36 300 790 779 544   0   0   0   0   0   0   0   0   0   0 100
P_Nicolini    23 arg  RC  2 10 10  5 60 29 300 623 502 578   0   0   0   0   0   0   0   0   0   0 100
F_Niembro     22 arg   C  3 10 11  4 47 30 300 572 976 365   0   0   0   0   0   0   0   0   0   0 100
Espinoza      20 arg   C  3 11 11  6 40 25 300 447 580 260   0   0   0   0   0   0   0   0   0   0 100
Mati_Sanchez  22 arg   L  2 11 11  5 62 30 300 510 450 303   0   0   0   0   0   0   0   0   0   0 100
A_Argacha     28 arg   R  3 10 10  6 43 30 300 624 630 365   0   0   0   0   0   0   0   0   0   0 100
Cobo          18 arg  RL  3 11 10  8 69 30 300 300 300 300   0   0   0   0   0   0   0   0   0   0 100
G_Ferracutti  19 arg   C  2 11  5  5 55 21 300 932 437 392   0   0   0   0   0   0   0   0   0   0 100
M_Friedlander 22 arg  RC  3 11  9  7 38 31 300 856 338 372   0   0   0   0   0   0   0   0   0   0 100
A_Pelletieri  23 arg   C  2  9 11  5 55 36 300 730 590 321   0   0   0   0   0   0   0   0   0   0 100
F_Razzotti    24 arg  RC  3 10  8  4 31 26 300 424 648 288   0   0   0   0   0   0   0   0   0   0 100
A_San_Martin  26 arg   C  2 10  8  5 29 37 300 871 623 640   0   0   0   0   0   0   0   0   0   0 100
P_Goberville  28 arg   R  2  9 10  5 70 37 300 436 300 300   0   0   0   0   0   0   0   0   0   0 100
A_Jeryeh      21 arg  RC  2 10  9  5 58 28 300 300 300 300   0   0   0   0   0   0   0   0   0   0 100
R_Riggio      30 arg   R  2 10  9  5 72 23 300 300 300 300   0   0   0   0   0   0   0   0   0   0 100
D_Ramirez     22 arg   L  2  4  9  5 30 24 300 300 300 300   0   0   0   0   0   0   0   0   0   0 100
M_Hanuch      21 arg   R  2  5  9  5 42 31 300 300 300 300   0   0   0   0   0   0   0   0   0   0 100
R_Martinez    24 arg  LC  2  9 11  4 46 36 300 420 452 300   0   0   0   0   0   0   0   0   0   0 100
Dragonite     25 arg   R  2 10  9  5 50 30 300 300 300 300   0   0   0   0   0   0   0   0   0   0 100
R_Merlo       25 arg   R  3  8 10  9 73 27 300 951 327 515   0   0   0   0   0   0   0   0   0   0 100
L_Faravelli   23 arg   L  2  7  9  6 40 31 300 300 300 300   1   0   0   0   0   0   0   0   0   0 100
P_Mas         30 arg   C  2  6  9  4 52 32 300 300 300 300   0   0   0   0   0   0   0   0   0   0 100
F_Carrizo     24 arg  LC  2  7  9  4 36 30 300 300 300 300   0   0   0   0   0   0   0   0   0   0 100
S_Condal      24 arg   R  2  7  8  5 77 33 300 540 703 300   0   0   0   0   0   0   0   0   0   0 100
F_Mussis      28 arg RLC  2  8  9  6 30 36 300 300 300 300   0   0   0   0   0   0   0   0   0   0 100
G_Soto        23 arg  RC  2  9  7  4 32 26 300 300 300 300   0   0   0   0   0   0   0   0   0   0 100
H_R_Villalba  18 arg   C  2  7  8  5 35 28 300 300 300 300   0   0   0   0   0   0   0   0   0   0 100
E_Cambiasso   21 arg   C  3  9  9  7 29 27 300 625 603 419   0   0   0   0   0   0   0   0   0   0 100
C_Olevroa     28 arg   R  2  9  9  4 54 30 300 300 300 300   0   0   0   0   0   0   0   0   0   0 100
J_Mozzo       24 arg   L  2  9  9  6 37 34 300 300 300 300   0   0   0   0   0   0   0   0   0   0 100
Gimli         28 arg RLC  2  9  5  5 39 35 300 300 300 300   0   0   0   0   0   0   0   0   0   0 100
Dwalin        22 arg   R  2  8  8  6 66 39 300 300 300 300   0   0   0   0   0   0   0   0   0   0 100
Rodri_Braña   19 arg   C  2  8  9  4 34 29 300 343 300 300   0   0   0   0   0   0   0   0   0   0 100
B_Zuculini    22 arg RLC  2  9  8  5 42 24 300 300 300 300   0   0   0   0   0   0   0   0   0   0 100
Gimli         28 arg RLC  2  9  5  5 39 35 300 300 300 300   0   0   0   0   0   0   0   0   0   0 100
S_Battaglia   28 arg   C  3  9  6  7 59 29 300 300 300 300   0   0   0   0   0   0   0   0   0   0 100
Diego_Perez   28 arg   L  2  9  5  5 49 25 300 300 300 300   0   0   0   0   0   0   0   0   0   0 100
J_Zanetti     27 arg   R  2  9  4  4 26 20 300 300 300 300   0   0   0   0   0   0   0   0   0   0 100
M_Almeyda     26 arg   R  3  9  5  6 48 30 300 300 300 300   0   0   0   0   0   0   0   0   0   0 100
M_Bustos      30 arg  RL  2  8  8  4 65 27 300 300 300 300   0   0   0   0   0   0   0   0   0   0 100
E_Afudnodn    30 nig  LC  2  7  7  4 46 50 300 300 300 300   0   0   0   0   0   0   0   0   0   0 100
G_Obtubt      21 nig   R  2  7  7  5 53 31 300 300 300 300   0   0   0   0   0   0   0   0   0   0 100
T_Idso        28 ger   R  2  6  6  5 43 35 300 300 300 300   0   0   0   0   0   0   0   0   0   0 100
R_Chebsoe     26 cro  RL  2  6  7  4 28 38 300 300 300 300   0   0   0   0   0   0   0   0   0   0 100
H_Canteros    24 arg   R  3  9 11  6 73 37 300 368 528 330   0   0   0   0   0   0   0   0   0   0 100
C_Bassedas    30 arg   C  3  5 17  7 38 36 300 400 839 405   0   0   0   0   0   0   0   0   0   0 100
Diego_Galvan  30 arg   C  2  4 16  5 41 23 300 300 447 307   3   0   0   7   1   0   0   0   0   0 100
Z_Oto         20 cro   L  2  4 16  3 49 34 300 443 316 417   8   0   0   6   1   0   1   3   0   0 100
Max_Rodriguez 28 arg   R  2  5 16  5 40 28 300 393 751 333   6   0   1   9   0   0   0   1   0   0 100
Kaka          24 arg   R  3  6 16  6 48 21 300 398 304 423   0   0   0   0   0   0   0   0   0   0 100
A_Horta       19 eng  LC  2  5 15  4 42 43 300 499 811 286   0   0   0   0   0   0   0   0   0   0 100
J_Basualdo    22 arg   R  3  4 15  6 56 29 300 729 809 496  18   0   0  20   5   1   0   2   0   0 100
L_Vangioni    21 arg  LC  2  6 15  5 33 30 300 550 388 320   0   0   0   0   0   0   0   0   0   0 100
O_Edne        29 arg   C  2  6 15  6 31 34 300 300 300 300   0   0   0   0   0   0   0   0   0   0 100
E_Pih         17 arg   C  4  7 15 10 27 31 300 300 300 300   0   0   0   0   0   0   0   0   0   0 100
D_Ftacla      21 arg   R  2  6 15  4 37 34 300 563 470 349   9   0   4   7   2   0   0   0   0   0 100
R_Fuvrabsi    29 arg   C  2  5 15  5 61 37 300 300 300 300   0   0   0   0   0   0   0   0   0   0 100
R_Agroic      19 arg   L  2  5 15  4 34 30 300 290 395 290   3   0   0   5   0   0   0   1   0   0 100
M_Bravo       19 arg   L  3  5 15  5 40 31 300 337 437 429   0   0   0   0   0   0   0   0   0   0 100
M_Spiegler    31 isr   L  3  7 15 10 24 35 300 376 360 320   0   0   0   0   0   0   0   0   0   0 100
A_Fernandez   29 arg   R  2  5 15  5 57 34 300 300 300 300   0   0   0   0   0   0   0   0   0   0 100
A_Pato        27 arg   C  3  4 14  6 61 32 300 348 755 295   0   0   0   0   0   0   0   0   0   0 100
V_Figueroa    27 arg   C  2  5 14  5 48 37 300 300 300 300   0   0   0   0   0   0   0   0   0   0 100
O_Ferreyra    28 arg  RL  3  6 14  6 53 31 300 505 776 480   0   0   0   0   0   0   0   0   0   0 100
O_Ovre        23 arg   C  2  4 14  6 30 25 300 300 300 300   0   0   0   0   0   0   0   0   0   0 100
E_Coudet      22 arg   R  3  6 14  5 54 28 300 737 928 611   0   0   0   0   0   0   0   0   0   0 100
M_Gonzalez    21 arg   L  2  6 14  5 45 29 300 350 347 290   0   0   0   0   0   0   0   0   0   0 100
R_Acosta      20 arg   C  2  5 14  5 51 26 300 300 300 300   0   0   0   0   0   0   0   0   0   0 100
D_Mateo       22 arg   R  2  5 14  4 44 24 300 413 554 263   0   0   0   0   0   0   0   1   0   0 100
L_Bernardi    23 arg   C  2  5 14  4 29 24 300 722 896 512   0   0   0   0   0   0   0   0   0   0 100
E_Mendez      23 arg   C  2  6 14  5 43 37 300 300 300 300   0   0   0   0   0   0   0   0   0   0 100
Maxi_Nuñez    23 arg   R  2  5 14  4 52 31 300 300 312 300   0   0   0   0   0   0   0   0   0   0 100
S_Rayomnda    26 arg   C  2  6 14  6 28 26 300 871 662 938   0   0   0   0   0   0   0   0   0   0 100
H_Btudrowtoo  25 arg   R  2  4 14  6 38 37 300 300 300 300   0   0   0   0   0   0   0   0   0   0 100
O_Eblonond    19 arg  LC  2  5 13  4 38 35 300 300 300 300   0   0   0   0   0   0   0   0   0   0 100
I_Corstoryi   26 arg   C  2  5 13  5 46 32 300 300 300 300   0   0   0   0   0   0   0   0   0   0 100
Xavi          26 arg   R  2  6 13  4 50 33 300 519 593 430   0   0   0   0   0   0   0   0   0   0 100
C_Sanchez     19 arg RLC  2  5 13  4 36 40 300 467 681 377   0   0   0   0   0   0   0   0   0   0 100
Juan_P_Caffa  27 arg   L  2  5 13  5 57 32 300 514 460 943   0   0   0   0   0   0   0   0   0   0 100
El_Caldo      22 arg RLC  2  4 13  5 32 27 300 502 866 377   2   0   0   4   0   0   1   0   0   0 100
C_Dodr        29 arg   C  2  5 13  6 58 23 300 300 300 300   0   0   0   0   0   0   0   0   0   0 100
Sony          21 arg   C  2  5 13  5 59 30 300 662 520 338   3   0   3   6   0   0   0   0   0   0 100
G_Medel       30 arg RLC  3  6 13  6 42 35 300 426 360 430   0   0   0   0   0   0   0   0   0   0 100
M_Defederico  25 arg   R  3  8 13  6 34 25 300 521 930 843   0   0   0   0   0   0   0   0   0   0 100
Mudo_Vazquez  23 nig RLC  2  3 13  4 48 51 300 399 830 270   0   0   0   0   0   0   0   0   0   0 100
Dardo_Miloc   24 arg   C  2  5 13  5 58 36 300 300 300 300   0   0   0   0   0   0   0   0   0   0 100
C_Ozow        27 bul   C  2  4 13  4 32 43 300 270 877 270   0   0   0   0   0   0   0   0   0   0 100
J_I_Cavallaro 30 arg   R  2  5 13  5 55 27 300 300 300 300   0   0   0   0   0   0   0   0   0   0 100
Thranduil     29 arg   R  2  5 13  5 62 28 300 474 466 210   0   0   0   0   0   0   0   0   0   0 100
Gran_Trasgo   29 arg   L  2  5 13  6 36 39 300 790 937 364   0   0   0   0   0   0   0   0   0   0 100
C_Arseno      19 arg  RC  2  4 13  4 36 36 300 300 344 318   0   0   0   0   0   0   0   0   0   0 100
M_Quinteros   26 arg   R  2  4 13  4 31 22 300 293 693 323   0   0   0   0   0   0   0   0   0   0 100
L_Messi       21 arg   L  3  9 12  6 52 37 300 306 954 319   0   0   0   0   0   0   0   0   0   0 100
A_Posternak   22 arg   R  2  5 12  5 54 29 300 300 300 300   0   0   0   0   0   0   0   0   0   0 100
C_Yacob       23 arg   C  2  5 12  6 29 24 300 300 300 300   0   0   0   0   0   0   0   0   0   0 100
Umbreon       22 arg   R  2  5 12  5 34 29 300 436 910 300   0   0   0   0   0   0   0   0   0   0 100
A_Abriyael    24 arg   C  2  6 12  5 30 34 300 300 300 300   0   0   0   0   0   0   0   0   0   0 100
R_Brum        22 arg   C  2  5 12  4 67 29 300 428 472 368   0   0   0   0   0   0   0   0   0   0 100
T_Rollan      21 arg  RC  2  6 12  6 49 37 300 480 494 300   0   0   0   0   0   0   0   0   0   0 100
Pepe_Chatruc  28 arg   C  2  4 12  5 37 27 300 429 559 423   0   0   0   0   0   0   0   0   0   0 100
D_Escudero    25 arg   L  3  8 12  5 34 25 300 340 816 357   0   0   0   0   0   0   0   0   0   0 100
D_Vega        24 arg   C  2  6 12  5 69 30 300 355 843 475   0   0   0   0   0   0   0   0   0   0 100
D_Bertoni     22 arg   R  3  9 12  6 51 22 300 300 442 322   0   0   0   0   0   0   0   0   0   0 100
Toro_Gomez    22 arg   C  2  4 12  4 33 22 300 293 845 413   0   0   0   0   0   0   0   0   0   0 100
J_Mendez      24 arg   C  2  6 12  5 29 34 300 424 672 303   0   0   0   0   0   0   0   0   0   0 100
W_Anyo        29 isr  LC  2  4 12  3 35 45 300 268 888 473   0   0   0   0   0   0   0   0   0   0 100
S_Carrera     22 arg  RL  3  6 12  4 59 25 300 436 806 392   0   0   0   0   0   0   0   0   0   0 100
M_Lombardi    24 arg  RC  2  4 12  4 56 30 300 300 412 300   0   0   0   0   0   0   0   0   0   0 100
Carlos_Auzqui 22 arg   R  2  6 12  5 29 35 300 300 300 300   0   0   0   0   0   0   0   0   0   0 100
W_Erviti      29 arg  LC  2  3 12  5 54 21 300 361 513 345   0   0   0   0   0   0   0   0   0   0 100
I_Uyi         26 ita   C  2  4 12  4 42 44 300 388 770 418   0   0   0   0   0   0   0   0   0   0 100
J_Rodriguez   22 arg   L  2  5 12  5 40 20 300 394 640 346   0   0   0   0   0   0   0   0   0   0 100
Rapidash      28 arg   R  2  6 12  4 54 29 300 395 433 395   0   0   0   0   0   0   0   0   0   0 100
G_Espinoza    22 arg   C  2  5 11  9 47 32 300 300 300 300   0   0   0   0   0   0   0   0   0   0 100
B_Alonso      22 arg   R  3  5 11  6 30 30 300 300 300 300   0   0   0   0   0   0   0   0   0   0 100
Elrond        22 arg   C  2  6 11  5 69 22 300 300 300 300   0   0   0   0   0   0   0   0   0   0 100
D_Coronado    32 arg   L  1  4 11  3 32 34 300 404 696 290   0   0   0   0   0   0   0   0   0   0 100
Jon_Silva     28 arg   R  2  5 11  5 47 37 300 300 300 300   0   0   0   0   0   0   0   0   0   0 100
Nicolas_Sainz 27 arg   R  2  6 11  5 27 30 300 300 300 300   0   0   0   0   0   0   0   0   0   0 100
Tom_Bombadil  27 arg   C  2  5 11  6 46 22 300 300 300 300   0   0   0   0   0   0   0   0   0   0 100
S_Umna        29 bul   C  2  4 11  3 21 38 300 300 300 300   0   0   0   0   0   0   0   0   0   0 100
R_Alderete    29 arg   L  2  5 11  6 50 22 300 300 356 323   0   0   0   0   0   0   0   0   0   0 100
A_Di_Maria    23 arg   L  3  5 11  5 45 34 300 430 716 620   0   0   0   0   0   0   0   0   0   0 100
Luis_Fariña   23 arg   C  2  4 11  4 60 24 300 300 300 300   0   0   0   0   0   0   0   0   0   0 100
E_Lamela      27 arg  RL  3  5 11  4 33 27 300 300 972 595   0   0   0   0   0   0   0   0   0   0 100
N_Aguirre     21 arg   R  2  5 11  5 33 35 300 368 794 432   0   0   0   0   0   0   0   0   0   0 100
D_Bilos       23 arg   C  3  7 11  6 47 26 300 300 450 330   0   0   0   0   0   0   0   0   0   0 100
D_Buonanotte  28 arg   R  3  6 11  6 38 24 300 300 300 300   0   0   0   0   0   0   0   0   0   0 100
P_Aimar       21 arg   C  3  7 11  6 27 27 300 524 920 483   0   0   0   0   0   0   0   0   0   0 100
X_Nac         25 aus   C  2  4 11  4 37 28 300 300 300 300   0   0   0   0   0   0   0   0   0   0 100
Leafeon       30 arg   C  2  4 10  6 35 21 300 300 300 300   0   0   0   0   0   0   0   0   0   0 100
G_M_Miranda   22 arg RLC  2  6 10  5 42 33 300 300 300 300   0   0   0   0   0   0   0   0   0   0 100
J_Pastore     21 arg   C  3  7 10  6 51 38 300 300 378 300   0   0   0   0   0   0   0   0   0   0 100
Toscano_Rendo 26 arg   R  2  4 10  5 52 29 300 300 348 300   0   0   0   0   0   0   0   0   0   0 100
B_Rivero      30 arg  RL  2  5 10  4 71 21 300 300 300 300   0   0   0   0   0   0   0   0   0   0 100
J_Patiño      26 arg RLC  2  4 10  5 45 20 300 361 661 558   0   0   0   0   0   0   0   0   0   0 100
J_A_Avalos    24 arg   L  2  6 10  5 35 25 300 300 300 300   0   0   0   0   0   0   0   0   0   0 100
B_Ivrowbeds   20 bul   C  2  5 10  4 21 50 300 300 300 300   0   0   0   0   0   0   0   0   0   0 100
F_Rutilo      26 arg   L  2  6 10  7 48 23 300 300 300 300   0   0   0   0   0   0   0   0   0   0 100
C_Ersa        21 arg  LC  2  6 10  9 63 24 300 300 300 300   0   0   0   0   0   0   0   0   0   0 100
F_Vargas      25 arg   R  3  4 10  6 61 27 300 300 528 300   0   0   0   0   0   0   0   0   0   0 100
Gothmog       29 arg   L  2  5 11  9 27 32 300 300 300 300   0   0   0   0   0   0   0   0   0   0 100
A_Gonzales    28 arg   L  2  5 11  9 27 26 300 361 965 383   0   0   0   0   0   0   0   0   0   0 100
J_Correa      22 arg  LC  3  6 12 10 33 36 300 243 523 523   0   0   0   0   0   0   0   0   0   0 100
C_Erbes       21 arg   C  3  6 11 10 42 25 300 280 864 485   0   0   0   0   0   0   0   0   0   0 100
M_Rolle       24 arg  RL  2  5 11 10 66 30 300 280 432 303   0   0   0   0   0   0   0   0   0   0 100
Z_Jaebr       20 arg RLC  2  5 10 11 36 21 300 715 548 344   0   0   0   0   0   0   0   0   0   0 100
M_Caneo       19 arg   C  3  7 12 12 85 26 300 387 754 595   1   0   0   2   1   0   0   0   0   0 100
P_Camps       21 arg  LC  3  7  9  4 44 35 300 300 356 300   0   0   0   0   0   0   0   0   0   0 100
M_Gallardo    24 arg   L  3  5  9  9 56 32 300 429 483 798   0   0   0   0   0   0   0   0   0   0 100
J_R_Riquelme  28 arg   C  3  4  9  8 52 37 300 300 300 300   0   0   0   0   0   0   0   0   0   0 100
L_Jhowchaepr  19 arg   C  2  6  9  9 47 34 300 300 300 300   0   0   0   0   0   0   0   0   0   0 100
F_Montero     27 arg   C  2  5  9  9 29 29 300 300 300 300   0   0   0   0   0   0   0   0   0   0 100
A_Usko        20 arg   C  2  5  9  8 52 32 300 300 300 300   0   0   0   0   0   0   0   0   0   0 100
U_Nil         23 arg   R  2  5  8  8 44 37 300 300 300 300   0   0   0   0   0   0   0   0   0   0 100
M_Tonso       20 arg   C  2  5  8  9 47 35 300 300 300 300   0   0   0   0   0   0   0   0   0   0 100
Pidgeot       29 arg   L  2  5  8  9 73 36 300 300 300 300   0   0   0   0   0   0   0   0   0   0 100
Nahuel_Rattel 29 arg   C  2  4  8  8 34 27 300 300 300 300   0   0   0   0   0   0   0   0   0   0 100
N_Cabrera     20 arg   R  3  5  9  7 72 38 300 300 516 360   0   0   0   0   0   0   0   0   0   0 100
A_Rosada      25 arg   C  2  3  7  8 36 28 300 395 509 550   0   0   0   0   0   0   0   0   0   0 100
Ivan_Perez    25 arg   R  3  6  7  7 74 29 300 300 300 300   0   0   0   0   0   0   0   0   0   0 100
C_Ronaldo     25 arg   R  3  6  8  8 72 29 300 300 300 300   0   0   0   0   0   0   0   0   0   0 100
Lugia         23 arg   R  2  6  8  8 40 31 300 300 300 300   0   0   0   0   0   0   0   0   0   0 100
G_Garcia      21 arg   L  2  4  9  5 50 30 300 300 300 300   0   0   0   0   0   0   0   0   0   0 100
Lobo_Ledesma  27 arg   C  2  8  7  5 26 30 300 300 300 300   0   0   0   0   0   0   0   0   0   0 100
X_Soproks     28 eng   C  2  4  7  6 52 31 300 300 300 300   0   0   0   0   0   0   0   0   0   0 100
Y_Ostinyu     20 den   C  2  4  7  8 42 29 300 300 300 300   0   0   0   0   0   0   0   0   0   0 100
T_Zaedrerti   24 nig  LC  2  3  6  6 25 40 300 300 300 300   0   0   0   0   0   0   0   0   0   0 100
I_Fernandez   18 arg   L  2  5  8 10 31 24 300 300 300 300   0   0   0   0   0   0   0   0   0   0 100
E_Bolotnicoff 21 arg   C  2  5  8 10 44 27 300 300 300 300   0   0   0   0   0   0   0   0   0   0 100
O_Pouso       21 arg   R  2  5  9 10 33 23 300 300 300 300   0   0   0   0   0   0   0   0   0   0 100
D_Galvan      19 arg   R  2  5  7 11 68 37 300 300 300 300   0   0   0   0   0   0   0   0   0   0 100
N_Bruna       28 arg   L  2  6 10 11 62 34 300 300 300 300   0   0   0   0   0   0   0   0   0   0 100
P_J_Perez     23 arg   C  2  6 11  4 59 38 300 300 300 300   0   0   0   0   0   0   0   0   0   0 100
J_Gomez       23 arg  RC  2  5 11  9 78 27 300 867 458 930   0   0   0   0   0   0   0   0   0   0 100
Gio_Moreno    26 arg   R  2  5 11 11 57 28 300 419 880 307   0   0   0   0   0   0   0   0   0   0 100
E_Taucher     20 arg   C  3  7 11 11 52 28 300 367 831 521   1   0   0   0   0   0   0   0   0   0 100
Michael_Hoyos 28 arg  RL  2  5 10 10 71 27 300 300 300 300   0   0   0   0   0   0   0   0   0   0 100
J_I_Vieyra    30 arg   C  2  4  9 10 44 30 300 300 300 300   0   0   0   0   0   0   0   0   0   0 100
L_Gracian     30 arg  LC  3  6  7  9 47 35 300 300 300 300   0   0   0   0   0   0   0   0   0   0 100
A_Abteck      23 spa   C  2  4  6  7 58 43 300 300 300 300   0   0   0   0   0   0   0   0   0   0 100
L_Donovan     28 usa  RL  3  4 13 14 47 36 300 544 640 542   0   0   0   0   0   0   0   0   0   0 100
Cadorna       23 arg RLC  4  9 15 13 69 34 300 978 563 959   0   0   0   0   0   0   0   0   0   0 100
J_Cardozo     23 arg   C  3  7 13 13 71 38 300 372 440 391   0   0   0   0   0   0   0   0   0   0 100
R_Mehecli     22 arg   R  4  9 14 13 55 22 300 347 404 351   1   0   0   1   0   0   0   0   0   0 100
E_Stewart     22 usa  RC  3  6 14 12 46 33 300 714 981 707  11   0   0  17   4   0   1   3   0   0 100
Sergio_Sena   23 arg   R  3  6 14 11 68 36 300 485 395 635   0   0   0   0   0   0   0   0   0   0 100
F_Silva       22 arg   C  3  8 11 13 49 33 300 319 544 572   0   0   0   0   0   0   0   0   0   0 100
Maxi_Laso     19 arg  RC  3  6 12 11 71 25 300 380 300 390   0   0   0   0   0   0   0   0   0   0 100
Leo_Jara      24 arg   C  2  5 10 11 69 28 300 300 324 300   0   0   0   0   0   0   0   0   0   0 100
M_Andrizzi    22 arg   L  3  7 12 12 53 25 300 376 313 827   0   0   0   0   0   0   0   0   0   0 100
C_Tevez       30 arg  RC  3  5  9 11 64 37 300 300 300 300   0   0   0   0   0   0   0   0   0   0 100
Caño_Ibagaza  29 arg   L  2  4  9 10 42 36 300 368 338 425   0   0   0   0   0   0   0   0   0   0 100
G_Hauche      26 arg   L  2  4  6 12 35 31 300 295 373 313   0   0   0   0   0   0   0   0   0   0 100
KH_Rummenigge 33 ger   C  1  1  7 19 39 30 300 410 810 906  17   0   0   3  21   1   0   1   0   0  25
F_Cavenaghi   24 arg   R  3  4  7 17 32 23 300 778 492 741   0   0   0   0   0   0   0   0   0   0 100
F_Parra       28 arg   L  3  7  7 17 31 34 300 434 775 723   0   0   0   0   0   0   0   0   0   0 100
M_Sperdutti   23 arg   L  2  6  5 17 74 25 300 300 321 324   1   0   0   0   1   0   0   0   0   0 100
R_Palacio     27 arg  LC  3  8  5 16 62 25 300 582 359 717  16   0   0   1  21   1   0   4   0   0  82
U_Ibrua       19 esp   L  3  6  5 16 38 12 300 316 316 372   0   0   0   0   0   0   0   0   0   0 100
Marco_Perez   25 arg   R  3  6  5 16 40 34 300 560 936 944   0   0   0   0   0   0   0   0   0   0 100
G_Higuain     22 arg   L  3  6  7 16 66 38 300 767 885 344   9   0   2   1   1   0   0   1   0   0 100
Leonardo      20 arg   L  2  5  5 16 45 34 300 532 656 831   9   0   0   2   8   1   0   0   0   0 100
Legolas       31 arg  RL  1  4  4 16 53 28 300 399 761 339   1   0   0   0   2   1   0   0   0   0 100
Gino_Clara    30 arg   C  3  8  8 16 66 32 300 652 372 591   0   0   0   0   0   0   0   0   0   0 100
G_Fernandez   26 arg   C  2  4  4 15 37 36 300 300 321 312   0   0   0   0   0   0   0   0   0   0 100
A_Delorte     28 arg   C  2  4  6 15 26 28 300 290 290 417   0   0   0   0   0   0   0   0   0   0 100
Y_Gonzalez    16 arg  LC  4  7  9 15 65 32 300 300 300 300   0   0   0   0   0   0   0   0   0   0 100
Franco_Jara   33 arg   R  1  2  1 15 55 25 300 664 849 789   1   0   0   0   2   0   0   0   0   0 100
E_Cavani      20 arg   R  2  4  5 15 34 36 300 796 826 945  12   0   0   0   3   0   0   0   0   0 100
F_Manteca     25 arg   C  2  6  5 15 31 21 300 520 362 459   1   0   0   0   1   0   0   0   0   0 100
G_O_Batistuta 27 arg   R  3  7  7 15 74 37 300 546 499 473   0   0   0   0   0   0   0   0   0   0 100
Facha_Panini  22 arg   C  3  8  5 14 53 29 300 280 318 672   0   0   0   0   0   0   0   0   0   0 100
El_Picante    22 arg   C  3  8  7 14 58 26 300 368 338 304   0   0   0   0   0   0   0   0   0   0 100
Acero_Cali    28 arg  LC  2  3  5 14 53 30 300 558 300 586   2   0   0   1   2   0   0   0   0   0 100
L_Leguizamon  26 arg   C  2  5  6 14 33 30 300 485 843 903   0   0   0   0   0   0   0   0   0   0 100
X_Yatroavroa  23 arg   C  2  6  4 14 52 38 300 300 300 300   0   0   0   0   0   0   0   0   0   0 100
L_Nuñez       30 arg  RC  3  8  4 14 30 36 300 300 352 430   0   0   0   0   0   0   0   0   0   0 100
M_Urruti      24 arg   C  2  4  5 14 54 22 300 300 300 312   0   0   0   0   0   0   0   0   0   0 100
J_L_Calderon  27 arg  RL  2  5  6 14 44 36 300 295 959 867   0   0   0   0   0   0   0   0   0   0 100
J_Meza        22 arg  LC  3  5  5 14 68 30 300 300 300 300   0   0   0   0   0   0   0   0   0   0 100
A_Otroory     20 bra RLC  2  3  4 14 64 34 300 370 534 919   0   0   0   0   0   0   0   0   0   0 100
Tulkas        31 arg RLC  1  5  5 14 31 30 300 361 874 680   1   0   0   0   9   1   0   1   0   0 100
Peregrin_Tuk  22 arg  RC  2  5  4 14 56 33 300 307 408 648   2   0   0   1  13   1   0   0   0   0 100
V_Aquino      25 arg   C  2  5  6 14 59 30 300 300 300 304   0   0   0   0   0   0   0   0   0   0 100
N_F_Silva     22 arg   C  2  4  5 14 42 37 300 300 300 300   0   0   0   0   0   0   0   0   0   0 100
K_Tyaz        27 ire   R  2  3  4 14 28 44 300 393 469 899   0   0   0   0   0   0   0   0   0   0 100
Jota_Mouche   21 arg   R  3  4  6 14 74 28 300 340 438 711   0   0   0   0   0   0   0   0   0   0 100
Fede_Nieto    23 arg   R  3  7  7 13 36 27 300 285 558 954   0   0   0   0   0   0   0   0   0   0 100
Pancho_Abba   21 arg   R  3  4  6 13 63 28 300 260 670 707   0   0   0   0   0   0   0   0   0   0 100
U_Btock       24 arg  LC  2  5  6 13 38 28 300 300 300 300   0   0   0   0   0   0   0   0   0   0 100
M_Vuosso      20 arg   R  2  4  4 13 32 38 300 300 300 300   0   0   0   0   0   0   0   0   0   0 100
L_Pratto      20 arg   C  2  5  4 13 48 32 300 300 300 300   1   0   0   0   0   0   0   0   0   0 100
F_Falcone     22 arg   C  2  5  5 13 72 27 300 300 300 300   0   0   0   0   0   0   0   0   0   0 100
L_Gonzales    27 arg   C  2  5  6 13 57 30 300 360 300 300   0   0   0   0   0   0   0   0   0   0 100
J_Mazzoni     22 arg   C  2  5  5 13 41 23 300 422 528 537   0   0   0   0   0   0   0   0   0   0 100
L_Peralta     25 arg   C  2  4  5 13 52 23 300 300 300 300   0   0   0   0   0   0   0   0   0   0 100
P_Luguercio   22 arg   C  2  5  6 12 54 23 300 260 320 354   0   0   0   0   0   0   0   0   0   0 100
M_Estevez     27 arg RLC  2  4  5 12 50 28 300 300 300 300   0   0   0   0   0   0   0   0   0   0 100
R_Salinas     30 arg   L  2  5  6 12 35 32 300 360 300 300   0   0   0   0   0   0   0   0   0   0 100
F_Chiapello   28 arg   C  2  6  6 12 55 33 300 300 300 300   0   0   0   0   0   0   0   0   0   0 100
L_Monje       28 arg   L  2  5  5 12 42 32 300 522 462 853   0   0   0   0   0   0   0   0   0   0 100
Gringo_Scotta 27 arg   R  2  6  5 12 53 30 300 300 300 300   0   0   0   0   0   0   0   0   0   0 100
S_Fernandez   30 arg   C  2  4  5 12 48 32 300 592 608 580   0   0   0   0   0   0   0   0   0   0 100
L_Hisk        26 arg   L  2  5  3 11 40 46 300 300 300 300   0   0   0   0   0   0   0   0   0   0 100
T_Gutierrez   25 arg   R  2  4  6 11 32 33 300 300 300 300   0   0   0   0   0   0   0   0   0   0 100
M_Fernandez   30 arg   C  2  5  4 11 57 37 300 300 300 300   0   0   0   0   0   0   0   0   0   0 100
J_Flores      26 arg   L  3  6  7 11 66 29 300 349 447 366   0   0   0   0   0   0   0   0   0   0 100
M_Quiroga     21 arg   C  2  5  5 11 32 27 300 300 300 300   0   0   0   0   0   0   0   0   0   0 100
N_Colazo      25 arg   R  3  6  7 11 74 21 300 293 331 428   0   0   0   0   0   0   0   0   0   0 100
T_Labla       24 arg   C  2  4  5 11 38 23 300 300 300 300   0   0   0   0   0   0   0   0   0   0 100
N_Tyipurs     25 arg  RL  2  5  5 11 50 30 300 300 300 300   0   0   0   0   0   0   0   0   0   0 100
D_Milito      28 arg   L  3  6  6 11 39 30 300 300 300 300   0   0   0   0   0   0   0   0   0   0 100
Lean_Gonzalez 19 arg   L  2  5  5 11 52 31 300 300 300 300   0   0   0   0   0   0   0   0   0   0 100
T_Clewndede   26 saf  RC  2  5  3 11 22 39 300 300 300 300   0   0   0   0   0   0   0   0   0   0 100
I_Colombini   23 arg   C  2  6  5 11 53 27 300 300 300 300   0   0   0   0   0   0   0   0   0   0 100
Aragon        29 arg   R  2  5  4 11 69 32 300 280 336 472   0   0   0   0   0   0   0   0   0   0 100
A_Medina      24 arg  RL  2  5  5 11 42 21 300 444 356 371   0   0   0   0   0   0   0   0   0   0 100
I_Trivr       22 nor  RL  2  4  4 11 25 40 300 300 300 300   0   0   0   0   0   0   0   0   0   0 100
J_Saviola     23 arg RLC  3  6  5 11 42 30 300 300 384 360   0   0   0   0   0   0   0   0   0   0 100
L_Milubtoi    30 den   C  2  3  4 11 23 35 300 300 300 300   0   0   0   0   0   0   0   0   0   0 100
D_Bazan_Vera  41 arg   C  1  1  1 10 11 83 300 290 362 662   0   0   0   0   0   0   0   0   0   0  82
C_Bianchi     26 arg  RC  3  4  6 10 50 36 300 300 300 855   0   0   0   0   0   0   0   0   0   0 100
C_Castillo    24 arg  RL  2  6  5 10 43 31 300 300 300 300   0   0   0   0   0   0   0   0   0   0 100
W_S_Abreu     28 arg  RC  2  4  5 10 50 30 300 300 300 300   0   0   0   0   0   0   0   0   0   0 100
L_Sagesse     26 arg   C  2  5  5  9 57 28 300 300 300 300   0   0   0   0   0   0   0   0   0   0 100
S_Silva       26 arg   L  2  3  5  9 55 28 300 300 300 300   0   0   0   0   0   0   0   0   0   0 100